Easy: 9,0,0,3,0,2,6,0,0,4,0,7,0,0,8,9,1,3,6,0,3,1,0,0,0,5,4,0,3,0,0,8,0,4,7,0,0,0,8,0,3,0,1,6,0,0,0,4,2,0,0,5,0,0,8,7,1,9,0,6,0,4,5,3,0,0,0,5,0,0,0,0,2,0,0,4,0,0,0,0,1

Medium: 0,0,6,4,1,0,0,7,0,5,0,0,0,6,3,4,0,0,0,3,0,0,0,0,0,0,0,0,6,4,0,0,1,0,0,0,0,0,3,6,0,2,0,0,0,0,8,2,5,0,9,0,1,3,0,4,0,0,0,0,8,0,0,0,2,0,0,0,0,0,0,0,3,7,0,2,8,4,1,0,0

Hard: 0,0,0,0,0,7,0,0,6,0,9,4,0,3,0,0,0,0,0,0,0,0,0,1,2,0,0,1,0,0,0,8,0,0,0,0,0,0,0,0,0,2,8,3,1,7,0,0,0,1,0,0,4,9,0,0,0,0,0,0,0,0,5,5,0,1,9,0,0,0,6,3,0,7,0,0,6,0,9,2,8

Expert: 5,0,0,9,0,0,0,7,0,0,6,0,0,0,0,9,0,4,8,0,0,0,0,0,0,0,5,7,5,1,0,0,0,0,0,8,6,0,0,2,0,0,5,0,0,0,8,0,0,0,0,0,0,1,9,0,0,0,0,0,3,0,0,0,0,0,0,4,0,0,0,0,0,0,0,5,0,1,0,0,0

Evil: 4,0,0,0,1,0,0,0,0,0,9,0,0,0,0,2,0,0,0,0,3,5,0,4,0,6,0,3,0,0,0,0,0,0,0,4,0,0,0,0,0,8,0,0,0,0,0,4,7,0,6,0,5,0,0,0,7,0,8,0,0,0,0,2,0,0,1,0,7,6,0,0,0,0,0,0,3,0,0,1,0

Impossible: 8,0,0,0,0,0,0,0,0,0,0,3,6,0,0,0,0,0,0,4,0,0,9,0,2,0,0,0,5,0,0,0,7,0,0,0,0,0,0,0,4,5,7,0,0,0,0,0,1,0,0,0,3,0,0,0,1,0,0,0,0,6,8,0,0,8,5,0,0,0,1,0,0,9,0,0,0,0,4,0,0

